Date: 2021-04-27 19:10:36.735418
Name: first_test
Args: (1,), {'test': 123}
Return: (1, 123)

Date: 2021-04-27 19:10:36.735690
Name: second_test
Args: (), {'test': 321}
Return: 321

